> ./spline.exe

 interpolacja splajnem kubicznym (krok=0.1) 

        X           Y
 -1.130000      1.001573
 -1.030000      0.251976
 -0.930000      0.187486
 -0.830000      0.216316
 -0.730000      0.513583
 -0.630000      0.333036
 -0.530000      0.415879
 -0.430000      0.519616
 -0.330000      0.647459
 -0.230000      0.790828
 -0.130000      0.922062
 -0.030000      0.995101
 0.070000       1.130425
 0.170000       0.784344
 0.270000       0.734131
 0.370000       0.593638
 0.470000       0.475172
 0.570000       0.381025
 0.670000       0.308214
 0.770000       0.252239
 0.870000       0.209008
 0.970000       0.175299
 1.070000       0.150363
 1.170000       0.141498
 1.270000       0.157591
 1.370000       0.207513
 1.470000       0.300138
 1.570000       0.444338
 1.670000       0.648986
 1.770000       0.922955
 1.870000       1.275117
 1.970000       1.714344
 2.070000       2.249510
 2.170000       2.889488
 2.270000       3.643149
 2.370000       4.519366
 2.470000       5.527013 
