 ./fh.exe

 interpolacja funkcjami wymiernymi
algorytm Floatera i Hormanna d=3 (krok=0.1) 

    X           Y
 -1.130000 -0.740418
 -1.030000 -0.532358
 -0.930000 0.216455
 -0.830000 0.099955
 -0.730000 0.580754
 -0.630000 0.236819
 -0.530000 0.397719
 -0.430000 0.611037
 -0.330000 0.510090
 -0.230000 0.937448
 -0.130000 0.820179
 -0.030000 0.952855
 0.070000 1.535620
 0.170000 0.228938
 0.270000 0.970491
 0.370000 0.518018
 0.470000 0.461311
 0.570000 0.439007
 0.670000 0.241150
 0.770000 0.303782
 0.870000 0.185514
 0.970000 0.164581
 1.070000 29.756332
 1.170000 374.178051
 1.270000 1498.752426
 1.370000 3776.047106
 1.470000 7376.552641
 1.570000 12246.397021
 1.670000 18119.059483
 1.770000 24538.838157
 1.870000 30886.906305
 1.970000 36406.382482
 2.070000 40225.196384
 2.170000 41376.484975
 2.270000 38816.606325
 2.370000 31440.964639
 2.470000 18097.852909 
