> ./rql.exe macierz5.txt
                                                                                                                                                                      
 Wartosci wlasne i wektory wlasne macierzy A                                                                                                                          
 z wykorzystaniem Hausholdera i metody QL.                                                                                                                            

 macierz A: 
 6   4   1   0   0   0   0   0   1   4  
 4   6   4   1   0   0   0   0   0   1  
 1   4   6   4   1   0   0   0   0   0  
 0   1   4   6   4   1   0   0   0   0  
 0   0   1   4   6   4   1   0   0   0  
 0   0   0   1   4   6   4   1   0   0  
 0   0   0   0   1   4   6   4   1   0  
 0   0   0   0   0   1   4   6   4   1  
 1   0   0   0   0   0   1   4   6   4  
 4   1   0   0   0   0   0   1   4   6  

 --- wartosci wlasne ---
(1)0.131773    (2)0.146139    (3)0.146499    (4)0.152705    (5)0.329952    (6)1.066236    (7)3.534166    (8)5.307570    (9)9.367603    (10) 13.029048

 --- wektory wlasne ---
  0.209131        -0.618234       -0.278307       -0.801354       0.105758        
  -0.518253       1.000000        1.000000        0.313815        0.021607        
  0.836547        -0.999677       0.215623        0.298397        -0.398819       
  -0.980415       0.617737        -0.170056       -0.803824       -0.363163       
  1.000000        0.000000        -0.175852       1.000000        1.000000        
  -0.980415       -0.617737       -0.170076       -0.803736       -0.363163       
  0.836548        0.999677        0.215589        0.298547        -0.398819       
  -0.518252       -1.000000       0.999964        0.313972        0.021607        
  0.209132        0.618234        -0.278329       -0.801254       0.105758        
  -0.108102       0.000000        -0.290154       0.988653        -0.007148       

 -1.000000       0.679172        1.000000        0.452786        0.636886
 0.584712        0.191012        0.690557        1.000000        1.000000
 0.555700        -0.136872       -0.520758       0.867664        0.951927
 -0.798089       -0.492635       -0.980722       0.596652        0.559172
 -0.000000       -0.737088       -0.000000       0.527892        0.000015
 0.798089        -0.492635       0.980722        0.596652        -0.559196
 -0.555700       -0.136872       0.520758        0.867664        -0.951918
 -0.584712       0.191012        -0.690558       1.000000        -0.999991
 1.000000        0.679172        -1.000000       0.452786        -0.636910
 -0.000000       1.000000        -0.000000       0.843930        0.000015 
